0 0.42429 0.38606 0.150033 0.29589
0 0.148451 0.282505 0.125971 0.196142
0 0.653067 0.436312 0.0875331 0.166103
0 0.880382 0.310648 0.0794439 0.157761
0 0.728532 0.379923 0.0621932 0.109519
0 0.582399 0.37301 0.051144 0.108988
0 0.309053 0.301134 0.0693468 0.130889
0 0.449145 0.378215 0.0586464 0.114315
0 0.698403 0.530662 0.0371588 0.057976
0 0.77691 0.533227 0.0360126 0.0521984
0 0.102017 0.537418 0.0516459 0.0688961
0 0.445581 0.547288 0.0349121 0.0565893
0 0.897699 0.547434 0.0472709 0.0670466
0 0.201948 0.426541 0.042469 0.0587657
0 0.209611 0.554253 0.0349955 0.0565611
0 0.419582 0.455458 0.0312158 0.0502796
0 0.530195 0.537395 0.0322346 0.0546405
0 0.479668 0.439486 0.0301777 0.0519443
0 0.622804 0.538686 0.0435747 0.058444
0 0.83355 0.444012 0.0398045 0.0547493
0 0.326728 0.299511 0.0592745 0.0913691
0 0.633516 0.372922 0.0507434 0.0861918
0 0.504445 0.394067 0.0636476 0.108995
0 0.579464 0.133317 0.0600136 0.099569
0 0.102861 0.475484 0.0560018 0.100808
0 0.411478 0.416209 0.053194 0.0874932
0 0.892203 0.474469 0.0625904 0.107679
0 0.694834 0.267036 0.0584094 0.0986709
0 0.492355 0.241679 0.0565767 0.0892835
0 0.834035 0.326816 0.0664783 0.104603
0 0.301268 0.391819 0.0596794 0.114049
0 0.301476 0.151367 0.0501711 0.089714
0 0.431357 0.116103 0.0565468 0.101146
0 0.7723 0.495225 0.0543409 0.0906765
0 0.705516 0.15613 0.0568824 0.0973299
0 0.327959 0.205049 0.0898266 0.160753
0 0.64316 0.179645 0.0973484 0.176355
0 0.510592 0.427349 0.0915394 0.144515
0 0.489819 0.202921 0.077182 0.165147
