data0.jpg 1
0 0.5673828125 0.24310344827586206 0.087890625 0.15517241379310345
data1.jpg 1
0 0.5622641509433962 0.1925 0.1509433962264151 0.1
data2.jpg 2
0 0.6159305993690851 0.190625 0.13722397476340695 0.10875
0 0.3186119873817035 0.21125 0.14195583596214512 0.1125
data3.jpg 3
0 0.8303457106274008 0.154627539503386 0.13444302176696543 0.23702031602708803
0 0.5044814340588989 0.2866817155756208 0.12548015364916773 0.22121896162528218
0 0.15044814340588988 0.3013544018058691 0.13444302176696543 0.23702031602708803
data4.jpg 1
0 0.52783203125 0.3081597222222222 0.1611328125 0.2864583333333333
data5.jpg 2
0 0.579483695652174 0.24728260869565216 0.09646739130434782 0.07717391304347826
0 0.4110054347826087 0.2842391304347826 0.09375 0.075
data6.jpg 1
0 0.49375 0.3388704318936877 0.25416666666666665 0.4053156146179402
data7.jpg 1
0 0.50830078125 0.3112068965517241 0.1962890625 0.34655172413793106
data8.jpg 1
0 0.64125 0.4165103189493433 0.0775 0.11632270168855535
data9.jpg 1
0 0.5028735632183908 0.15439672801635992 0.09540229885057472 0.16973415132924335
data10.jpg 2
0 0.5410377358490566 0.3196308724832215 0.17452830188679244 0.3104026845637584
0 0.1429245283018868 0.6283557046979866 0.09150943396226414 0.16275167785234898
data11.jpg 1
0 0.514375 0.42083333333333334 0.10375 0.13833333333333334
data12.jpg 1
0 0.295 0.28142589118198874 0.09 0.1350844277673546
data13.jpg 2
0 0.3425 0.6529080675422139 0.0575 0.08630393996247655
0 0.54125 0.4634146341463415 0.09 0.1350844277673546
data14.jpg 2
0 0.61375 0.46716697936210133 0.0875 0.13133208255159476
0 0.87 0.44840525328330205 0.1375 0.20637898686679174
data15.jpg 4
0 0.155 0.4568627450980392 0.0475 0.07450980392156863
0 0.5975 0.3254901960784314 0.0475 0.07450980392156863
0 0.284375 0.39705882352941174 0.05625 0.08823529411764706
0 0.923125 0.3656862745098039 0.05125 0.0803921568627451
data16.jpg 1
0 0.44386792452830187 0.21895973154362416 0.1311320754716981 0.2332214765100671
data17.jpg 3
0 0.156875 0.31488203266787657 0.04875 0.07078039927404718
0 0.91625 0.35571687840290384 0.055 0.07985480943738657
0 0.518125 0.09891107078039928 0.06625 0.09618874773139746
data18.jpg 4
0 0.8575471698113207 0.18120805369127516 0.13018867924528302 0.23154362416107382
0 0.18820754716981133 0.40184563758389263 0.12735849056603774 0.22651006711409397
0 0.4580188679245283 0.36661073825503354 0.1330188679245283 0.23657718120805368
0 0.6240566037735849 0.42533557046979864 0.11226415094339623 0.19966442953020133
data19.jpg 3
0 0.08915094339622641 0.5125838926174496 0.1349056603773585 0.23993288590604026
0 0.8301886792452831 0.3959731543624161 0.1320754716981132 0.2348993288590604
0 0.5179245283018868 0.24328859060402686 0.1641509433962264 0.29194630872483224
data20.jpg 2
0 0.4995283018867924 0.438758389261745 0.3009433962264151 0.535234899328859
0 0.1169811320754717 0.7063758389261745 0.12075471698113208 0.21476510067114093
data21.jpg 1
0 0.5537109375 0.35724743777452417 0.216796875 0.32503660322108346
data22.jpg 5
0 0.9160377358490566 0.3389261744966443 0.12264150943396226 0.2181208053691275
0 0.5273584905660378 0.34060402684563756 0.12830188679245283 0.22818791946308725
0 0.1811320754716981 0.3540268456375839 0.12075471698113208 0.21476510067114093
0 0.31839622641509435 0.3884228187919463 0.11415094339622642 0.20302013422818793
0 0.7183962264150944 0.39848993288590606 0.1160377358490566 0.2063758389261745
data23.jpg 2
0 0.25927734375 0.1310763888888889 0.0947265625 0.1684027777777778
0 0.7470703125 0.203125 0.087890625 0.15625
data24.jpg 1
0 0.3858695652173913 0.16195652173913044 0.20380434782608695 0.16304347826086957
data25.jpg 2
0 0.37 0.218 0.17 0.136
0 0.645 0.258 0.165 0.132
data26.jpg 1
0 0.486875 0.31083333333333335 0.16625 0.22166666666666668
data27.jpg 3
0 0.46728515625 0.4071180555555556 0.1005859375 0.17881944444444445
0 0.93359375 0.7309027777777778 0.09375 0.16666666666666666
0 0.05517578125 0.7595486111111112 0.0849609375 0.15104166666666666
data28.jpg 1
0 0.1904296875 0.4496527777777778 0.12890625 0.22916666666666666
data29.jpg 3
0 0.7659863945578231 0.2391304347826087 0.07891156462585033 0.07880434782608696
0 0.42585034013605444 0.28532608695652173 0.08163265306122448 0.08152173913043478
0 0.608843537414966 0.22214673913043478 0.07755102040816327 0.07744565217391304
data30.jpg 1
0 0.6709916589434661 0.32253086419753085 0.11306765523632993 0.1882716049382716
data31.jpg 1
0 0.48583984375 0.2925347222222222 0.1689453125 0.3003472222222222
data32.jpg 3
0 0.5576171875 0.2482758620689655 0.099609375 0.17586206896551723
0 0.7939453125 0.23793103448275862 0.072265625 0.12758620689655173
0 0.29345703125 0.36637931034482757 0.0888671875 0.15689655172413794
data33.jpg 4
0 0.599375 0.1466789667896679 0.06125 0.09040590405904059
0 0.246875 0.16328413284132842 0.06625 0.09778597785977859
0 0.408125 0.18542435424354242 0.06875 0.1014760147601476
0 0.7475 0.12730627306273062 0.0725 0.1070110701107011
data34.jpg 3
0 0.730625 0.18797709923664122 0.04625 0.07061068702290077
0 0.460625 0.22614503816793893 0.06125 0.09351145038167939
0 0.351875 0.30438931297709926 0.15125 0.23091603053435114
data35.jpg 1
0 0.41770833333333335 0.37592592592592594 0.23541666666666666 0.4185185185185185
data36.jpg 1
0 0.7581521739130435 0.35688405797101447 0.15760869565217392 0.10507246376811594
data37.jpg 1
0 0.75439453125 0.2126736111111111 0.1748046875 0.3107638888888889
data38.jpg 2
0 0.75732421875 0.2300347222222222 0.1162109375 0.2065972222222222
0 0.2744140625 0.2760416666666667 0.1015625 0.18055555555555555
data39.jpg 1
0 0.4576822916666667 0.3642578125 0.16536458333333334 0.248046875
data40.jpg 3
0 0.7333333333333333 0.3322475570032573 0.14166666666666666 0.22149837133550487
0 0.5145833333333333 0.34201954397394135 0.15 0.23452768729641693
0 0.18333333333333332 0.3127035830618892 0.1875 0.2931596091205212
data41.jpg 1
0 0.5615384615384615 0.3688644688644689 0.16336996336996337 0.16336996336996337
data42.jpg 1
0 0.5146484375 0.4982638888888889 0.28125 0.5
data43.jpg 1
0 0.503125 0.2973733583489681 0.16625 0.24953095684803
data44.jpg 1
0 0.4130859375 0.4706896551724138 0.228515625 0.40344827586206894
data45.jpg 1
0 0.60625 0.33463796477495106 0.24 0.37573385518590996
data46.jpg 2
0 0.44 0.38222222222222224 0.2125 0.37777777777777777
0 0.870625 0.7966666666666666 0.17125 0.30444444444444446
data47.jpg 1
0 0.478125 0.2877777777777778 0.17875 0.31777777777777777
data48.jpg 1
0 0.54 0.34444444444444444 0.14 0.24888888888888888
data49.jpg 1
0 0.2255859375 0.22743055555555555 0.109375 0.19444444444444445
data50.jpg 8
0 0.7975 0.22872340425531915 0.07 0.09929078014184398
0 0.12375 0.2624113475177305 0.07 0.09929078014184398
0 0.514375 0.27925531914893614 0.06375 0.09042553191489362
0 0.62 0.24822695035460993 0.0725 0.10283687943262411
0 0.07 0.26595744680851063 0.065 0.09219858156028368
0 0.270625 0.27570921985815605 0.06625 0.09397163120567376
0 0.3 0.2854609929078014 0.07 0.09929078014184398
0 0.87125 0.26595744680851063 0.07 0.09929078014184398
data51.jpg 5
0 0.56103515625 0.6043103448275862 0.0517578125 0.09137931034482759
0 0.20556640625 0.17155172413793104 0.1318359375 0.23275862068965517
0 0.89013671875 0.20086206896551725 0.1123046875 0.19827586206896552
0 0.5478515625 0.25 0.1171875 0.20689655172413793
0 0.4775390625 0.27413793103448275 0.15625 0.27586206896551724
data52.jpg 1
0 0.51708984375 0.2560763888888889 0.1220703125 0.2170138888888889
data53.jpg 1
0 0.49895833333333334 0.3685185185185185 0.19791666666666666 0.35185185185185186
data54.jpg 3
0 0.5366847826086957 0.21668177697189483 0.15217391304347827 0.10154125113327289
0 0.4001358695652174 0.4247506799637353 0.15353260869565216 0.10244786944696282
0 0.6929347826086957 0.6038077969174978 0.16032608695652173 0.10698096101541252
data55.jpg 4
0 0.3286264441591784 0.29698375870069604 0.1668806161745828 0.30162412993039445
0 0.7766367137355584 0.32018561484918795 0.1797175866495507 0.3248259860788863
0 0.5006418485237484 0.4060324825986079 0.19768934531450577 0.35730858468677495
0 0.9313222079589217 0.3375870069605568 0.11938382541720154 0.21577726218097448
data56.jpg 4
0 0.39402173913043476 0.2427536231884058 0.11413043478260869 0.07608695652173914
0 0.7194293478260869 0.32563405797101447 0.10461956521739131 0.06974637681159421
0 0.904891304347826 0.6956521739130435 0.08152173913043478 0.05434782608695652
0 0.5101902173913043 0.4696557971014493 0.12907608695652173 0.08605072463768115
data57.jpg 1
0 0.25679347826086957 0.37013574660633486 0.16576086956521738 0.11040723981900452
data58.jpg 2
0 0.5224184782608695 0.11467889908256881 0.12092391304347826 0.09072375127421
0 0.35597826086956524 0.4383282364933741 0.1358695652173913 0.1019367991845056
data59.jpg 4
0 0.133125 0.17232142857142857 0.19625 0.28035714285714286
0 0.495 0.30892857142857144 0.2525 0.3607142857142857
0 0.35 0.3464285714285714 0.1975 0.28214285714285714
0 0.803125 0.35446428571428573 0.19625 0.28035714285714286
data60.jpg 1
0 0.49 0.27759197324414714 0.19 0.25418060200668896
data61.jpg 12
0 0.854375 0.42870544090056284 0.04375 0.06566604127579738
0 0.108125 0.5938086303939962 0.05125 0.07692307692307693
0 0.235625 0.5112570356472795 0.04375 0.06566604127579738
0 0.856875 0.7101313320825516 0.05375 0.08067542213883677
0 0.47125 0.7148217636022514 0.0525 0.07879924953095685
0 0.620625 0.8264540337711069 0.05375 0.08067542213883677
0 0.551875 0.7476547842401501 0.06375 0.09568480300187618
0 0.085625 0.7964352720450282 0.06625 0.09943714821763602
0 0.331875 0.28236397748592873 0.07625 0.11444652908067542
0 0.96375 0.8780487804878049 0.065 0.0975609756097561
0 0.538125 0.9108818011257036 0.06625 0.09943714821763602
0 0.098125 0.9221388367729831 0.06625 0.09943714821763602
data62.jpg 1
0 0.43125 0.5558035714285714 0.1525 0.27232142857142855
data63.jpg 1
0 0.50375 0.3108108108108108 0.1425 0.22007722007722008
data64.jpg 1
0 0.49125 0.41088180112570355 0.3225 0.48405253283302063
data65.jpg 1
0 0.345625 0.30211726384364823 0.18375 0.23941368078175895
data66.jpg 3
0 0.355625 0.3225538971807628 0.04625 0.06135986733001658
0 0.5325 0.30016583747927034 0.06 0.07960199004975124
0 0.245 0.3582089552238806 0.0475 0.06301824212271974
data67.jpg 1
0 0.509375 0.3055555555555556 0.22291666666666668 0.3962962962962963
data68.jpg 1
0 0.5802083333333333 0.39444444444444443 0.2604166666666667 0.46296296296296297
data69.jpg 1
0 0.6479166666666667 0.4148148148148148 0.25833333333333336 0.45925925925925926
data70.jpg 1
0 0.521875 0.4166666666666667 0.4354166666666667 0.774074074074074
data71.jpg 1
0 0.37083333333333335 0.31851851851851853 0.12083333333333333 0.21481481481481482
data72.jpg 1
0 0.5354166666666667 0.34814814814814815 0.2916666666666667 0.5185185185185185
data73.jpg 1
0 0.525 0.37407407407407406 0.30833333333333335 0.5481481481481482
data74.jpg 2
0 0.778125 0.5929368029739777 0.36875 0.6579925650557621
0 0.29375 0.5687732342007435 0.37916666666666665 0.6765799256505576
data75.jpg 1
0 0.6395833333333333 0.34074074074074073 0.15833333333333333 0.2814814814814815
data76.jpg 1
0 0.490625 0.23148148148148148 0.14791666666666667 0.26296296296296295
data77.jpg 1
0 0.4635416666666667 0.26851851851851855 0.16458333333333333 0.29259259259259257
data78.jpg 1
0 0.528125 0.23148148148148148 0.19375 0.34444444444444444
data79.jpg 1
0 0.45729166666666665 0.3611111111111111 0.16875 0.3
data80.jpg 1
0 0.5395833333333333 0.5518518518518518 0.32916666666666666 0.5851851851851851
data81.jpg 2
0 0.628125 0.2611111111111111 0.17708333333333334 0.3148148148148148
0 0.378125 0.3648148148148148 0.15625 0.2777777777777778
data82.jpg 1
0 0.4479166666666667 0.6407407407407407 0.25 0.4444444444444444
data83.jpg 2
0 0.8645833333333334 0.4925925925925926 0.125 0.2222222222222222
0 0.715625 0.2574074074074074 0.23125 0.4111111111111111
data84.jpg 1
0 0.46145833333333336 0.39444444444444443 0.30625 0.5444444444444444
data85.jpg 2
0 0.3260416666666667 0.4351851851851852 0.14375 0.25555555555555554
0 0.5760416666666667 0.31666666666666665 0.18541666666666667 0.3296296296296296
data86.jpg 2
0 0.7322916666666667 0.28703703703703703 0.15208333333333332 0.27037037037037037
0 0.2833333333333333 0.1814814814814815 0.1375 0.24444444444444444
data87.jpg 1
0 0.49895833333333334 0.3055555555555556 0.14375 0.25555555555555554
data88.jpg 1
0 0.49166666666666664 0.5259259259259259 0.4625 0.8222222222222222
data89.jpg 1
0 0.5614583333333333 0.4685185185185185 0.3229166666666667 0.5740740740740741
data90.jpg 3
0 0.8739583333333333 0.18333333333333332 0.11875 0.2111111111111111
0 0.15208333333333332 0.26296296296296295 0.13333333333333333 0.23703703703703705
0 0.49270833333333336 0.22777777777777777 0.16875 0.3
data91.jpg 1
0 0.38645833333333335 0.40925925925925927 0.26458333333333334 0.4703703703703704
data92.jpg 1
0 0.5177083333333333 0.29814814814814816 0.23958333333333334 0.42592592592592593
data93.jpg 1
0 0.765625 0.3685185185185185 0.24375 0.43333333333333335
data94.jpg 1
0 0.496875 0.37732342007434944 0.25625 0.45724907063197023
data95.jpg 1
0 0.43854166666666666 0.2722222222222222 0.28125 0.5
data96.jpg 2
0 0.5989583333333334 0.3388888888888889 0.13125 0.23333333333333334
0 0.29270833333333335 0.17222222222222222 0.14375 0.25555555555555554
data97.jpg 1
0 0.4979166666666667 0.44814814814814813 0.29583333333333334 0.5259259259259259
data98.jpg 2
0 0.7322916666666667 0.2759259259259259 0.15208333333333332 0.27037037037037037
0 0.21979166666666666 0.28703703703703703 0.13541666666666666 0.24074074074074073
data99.jpg 1
0 0.640625 0.29814814814814816 0.17291666666666666 0.3074074074074074
data100.jpg 2
0 0.7260416666666667 0.29444444444444445 0.15625 0.2777777777777778
0 0.29270833333333335 0.46111111111111114 0.27291666666666664 0.48518518518518516
data101.jpg 1
0 0.4864583333333333 0.2796296296296296 0.18541666666666667 0.3296296296296296
data102.jpg 1
0 0.30520833333333336 0.5611111111111111 0.39375 0.7
data103.jpg 1
0 0.490625 0.17222222222222222 0.11041666666666666 0.1962962962962963
data104.jpg 1
0 0.5166666666666667 0.26296296296296295 0.16666666666666666 0.2962962962962963
data105.jpg 1
0 0.7739583333333333 0.37222222222222223 0.11875 0.2111111111111111
data106.jpg 1
0 0.5208333333333334 0.45555555555555555 0.24583333333333332 0.43703703703703706
data107.jpg 1
0 0.4895833333333333 0.1962962962962963 0.1375 0.24444444444444444
data108.jpg 1
0 0.5479166666666667 0.379182156133829 0.10833333333333334 0.19330855018587362
data109.jpg 5
0 0.7010416666666667 0.21666666666666667 0.11458333333333333 0.2037037037037037
0 0.8385416666666666 0.3425925925925926 0.09375 0.16666666666666666
0 0.48541666666666666 0.2962962962962963 0.07916666666666666 0.14074074074074075
0 0.14479166666666668 0.2796296296296296 0.08958333333333333 0.15925925925925927
0 0.2947916666666667 0.3574074074074074 0.11458333333333333 0.2037037037037037
data110.jpg 1
0 0.22916666666666666 0.4925925925925926 0.3 0.5333333333333333
data111.jpg 2
0 0.721875 0.1574074074074074 0.13541666666666666 0.24074074074074073
0 0.4979166666666667 0.37777777777777777 0.125 0.2222222222222222
data112.jpg 4
0 0.515625 0.6388888888888888 0.16875 0.3
0 0.8177083333333334 0.46111111111111114 0.16458333333333333 0.29259259259259257
0 0.21458333333333332 0.5518518518518518 0.15416666666666667 0.2740740740740741
0 0.496875 0.20925925925925926 0.15625 0.2777777777777778
data113.jpg 1
0 0.4666666666666667 0.36666666666666664 0.26666666666666666 0.4740740740740741
data114.jpg 1
0 0.5416666666666666 0.3925925925925926 0.21666666666666667 0.3851851851851852
data115.jpg 1
0 0.4 0.24444444444444444 0.14583333333333334 0.25925925925925924
data116.jpg 2
0 0.8197916666666667 0.3425925925925926 0.08125 0.14444444444444443
0 0.6645833333333333 0.15925925925925927 0.09583333333333334 0.17037037037037037
data117.jpg 1
0 0.490625 0.26481481481481484 0.22291666666666668 0.3962962962962963
data118.jpg 2
0 0.7510416666666667 0.17222222222222222 0.11458333333333333 0.2037037037037037
0 0.3489583333333333 0.3055555555555556 0.11875 0.2111111111111111
data119.jpg 1
0 0.5239583333333333 0.6611111111111111 0.12291666666666666 0.21851851851851853
data120.jpg 1
0 0.50625 0.5925925925925926 0.4041666666666667 0.7185185185185186
data121.jpg 1
0 0.44895833333333335 0.38333333333333336 0.2520833333333333 0.44814814814814813
data122.jpg 1
0 0.6833333333333333 0.2074074074074074 0.12083333333333333 0.21481481481481482
data123.jpg 1
0 0.5552083333333333 0.45740740740740743 0.27291666666666664 0.48518518518518516
data124.jpg 2
0 0.3260416666666667 0.26481481481481484 0.13958333333333334 0.24814814814814815
0 0.7739583333333333 0.3351851851851852 0.16458333333333333 0.29259259259259257
data125.jpg 1
0 0.3614583333333333 0.4722222222222222 0.34375 0.6111111111111112
data126.jpg 1
0 0.34479166666666666 0.3388888888888889 0.12708333333333333 0.22592592592592592
data127.jpg 1
0 0.425 0.4444444444444444 0.31666666666666665 0.562962962962963
data128.jpg 1
0 0.4822916666666667 0.25 0.26458333333333334 0.4703703703703704
data129.jpg 1
0 0.5875 0.5777777777777777 0.23333333333333334 0.4148148148148148
data130.jpg 1
0 0.740625 0.3277777777777778 0.20625 0.36666666666666664
data131.jpg 1
0 0.61875 0.24814814814814815 0.2125 0.37777777777777777
data132.jpg 1
0 0.628125 0.3648148148148148 0.19375 0.34444444444444444
data133.jpg 4
0 0.19270833333333334 0.19444444444444445 0.11041666666666666 0.1962962962962963
0 0.496875 0.2833333333333333 0.11458333333333333 0.2037037037037037
0 0.8177083333333334 0.1685185185185185 0.11875 0.2111111111111111
0 0.6645833333333333 0.17777777777777778 0.11666666666666667 0.2074074074074074
data134.jpg 1
0 0.46979166666666666 0.412962962962963 0.3104166666666667 0.5518518518518518
data135.jpg 4
0 0.6270833333333333 0.2037037037037037 0.1125 0.2
0 0.7791666666666667 0.2037037037037037 0.11666666666666667 0.2074074074074074
0 0.16666666666666666 0.2111111111111111 0.1125 0.2
0 0.396875 0.22037037037037038 0.11458333333333333 0.2037037037037037
data136.jpg 1
0 0.5864583333333333 0.18333333333333332 0.12708333333333333 0.22592592592592592
data137.jpg 1
0 0.4510416666666667 0.22037037037037038 0.13958333333333334 0.24814814814814815
data138.jpg 2
0 0.44429347826086957 0.23668639053254437 0.1793478260869565 0.15621301775147928
0 0.609375 0.40059171597633136 0.18070652173913043 0.15739644970414202
