img1.jpg 4
218 217 199 199
1557 272 114 114
629 281 301 301
1126 412 140 140
img2.jpg 4
478 241 106 106
719 319 92 92
949 320 86 86
1193 316 92 92
img3.jpg 27
717 410 37 37
877 390 41 41
791 413 47 47
980 475 44 44
972 401 40 40
442 404 40 40
525 407 41 41
881 488 41 41
1100 405 46 46
485 491 47 47
598 489 46 46
792 486 42 42
272 451 56 56
1080 471 43 43
680 471 49 49
1202 470 52 52
414 480 51 51
1002 560 60 60
1119 566 53 53
403 602 56 56
283 589 54 54
758 571 55 55
886 568 58 58
525 591 54 54
631 587 52 52
1290 576 64 64
119 563 68 68
